Gene start (bp)	Gene end (bp)	Chromosome/scaffold name	Gene name
65419	71585	1	OR4F5
450740	451678	1	OR4F29
685716	686654	1	OR4F16
923923	944575	1	SAMD11
943527	960714	1	NOC2L
960576	965719	1	KLHL17
966437	975865	1	PLEKHN1
975194	982134	1	PERM1
998962	1000172	1	HES4
1001138	1014540	1	ISG15
1020120	1056119	1	AGRN
1070967	1074306	1	RNF223
1081811	1116361	1	C1orf159
1173880	1197940	1	TTLL10
1203508	1206592	1	TNFRSF18
1211326	1214153	1	TNFRSF4
1216887	1238870	1	SDF4
1232237	1235041	1	B3GALT6
1242446	1246722	1	C1QTNF12
1253907	1274477	1	UBE2J2
1280436	1292029	1	SCNN1D
1292376	1309609	1	ACAP3
1308567	1311677	1	PUSL1
1311585	1324687	1	INTS11
1324756	1328897	1	CPTP
1331280	1335314	1	TAS1R3
1335276	1349945	1	DVL1
1352689	1361777	1	MXRA8
1373729	1375521	1	AURKAIP1
1385711	1399339	1	CCNL2
1401908	1407306	1	MRPL20
1415637	1421769	1	ANKRD65
1425871	1430255	1	TMEM88B
1434861	1442882	1	VWA1
1449689	1470163	1	ATAD3C
1471756	1497848	1	ATAD3B
1512147	1534686	1	ATAD3A
1534778	1540624	1	TMEM240
1541673	1574884	1	SSU72
1598012	1600135	1	FNDC10
1615434	1630610	1	MIB2
1631665	1635263	1	MMP23B
1635225	1659234	1	CDK11B
1659529	1693017	1	SLC35E2B
1702379	1724482	1	CDK11A
1751232	1780544	1	NADK
1785285	1892292	1	GNB1
1915108	1917296	1	CALML6
1917589	1919329	1	TMEM52
1921951	2003837	1	CFAP74
2019329	2030758	1	GABRD
2050411	2185395	1	PRKCZ
2184461	2212720	1	FAAP20
2227388	2310213	1	SKI
2319208	2391707	1	MORN1
2390670	2405444	1	RER1
2403964	2413797	1	PEX10
2425980	2505532	1	PLCH2
2508534	2526612	1	PANK4
2528745	2530263	1	HES5
2554244	2565382	1	TNFRSF14
2586491	2591470	1	PRXL2B
2590639	2633016	1	MMEL1
2636986	2801693	1	TTC34
3021467	3022903	1	ACTRT2
3069168	3438621	1	PRDM16
3454550	3481127	1	ARHGEF16
3487942	3611543	1	MEGF6
3624979	3630131	1	TPRG1L
3630767	3652761	1	WRAP73
3652516	3736201	1	TP73
3746460	3771645	1	CCDC27
3772655	3776709	1	SMIM1
3778559	3796511	1	LRRC47
3812086	3857723	1	CEP104
3857267	3885429	1	DFFB
3889125	3900293	1	C1orf174
4654609	4792534	1	AJAP1
5862804	5993455	1	NPHP4
5990927	6101193	1	KCNAB2
6101787	6180321	1	CHD5
6159430	6197757	1	
6185020	6209389	1	RPL22
6205392	6221299	1	RNF207
6221193	6235972	1	ICMT
6244179	6245578	1	HES3
6247347	6261098	1	GPR153
6264268	6393767	1	ACOT7
6412418	6424690	1	HES2
6424776	6461367	1	ESPN
6460786	6466181	1	TNFRSF25
6467122	6520074	1	PLEKHG5
6521347	6554536	1	NOL9
6555307	6579755	1	TAS1R1
6579994	6589280	1	ZBTB48
6590724	6614607	1	KLHL21
6613731	6624030	1	PHF13
6624845	6635586	1	THAP3
6634168	6701924	1	DNAJC11
6785454	7769706	1	CAMTA1
7771296	7781432	1	VAMP3
7784291	7845181	1	PER3
7843083	7853512	1	UTS2
7915871	7943165	1	TNFRSF9
7954264	7985505	1	PARK7
8004404	8026312	1	ERRFI1
8318104	8344167	1	SLC45A1
8352397	8848921	1	RERE
8860977	8879289	1	ENO1
8945867	8975092	1	CA6
9002973	9026423	1	SLC2A7
9035106	9088478	1	SLC2A5
9100305	9129122	1	GPR157
9234774	9271337	1	H6PD
9292101	9369532	1	SPSB1
9539465	9585173	1	SLC25A33
9588721	9614877	1	TMEM201
9629889	9730117	1	PIK3CD
9728926	9823993	1	CLSTN1
9848269	9910368	1	CTNNBIP1
9922113	9943407	1	LZIC
9943428	9985501	1	NMNAT1
9997054	10016021	1	RBP7
10032832	10181244	1	UBE4B
10210533	10381606	1	KIF1B
10398592	10420511	1	PGD
10430102	10452153	1	CENPS-CORT
10430433	10442808	1	CENPS
10450031	10451998	1	CORT
10456522	10472549	1	DFFA
10472288	10630758	1	PEX14
10636604	10796650	1	CASZ1
10946471	10982076	1	CIROZ
11012344	11030528	1	TARDBP
11022009	11047241	1	MASP2
11054584	11060053	1	SRM
11066613	11099898	1	EXOSC10
11106531	11262556	1	MTOR
11189355	11195981	1	ANGPTL7
11273198	11296049	1	UBIAD1
11478905	11537583	1	DISP3
11637018	11655785	1	FBXO2
11650618	11663327	1	FBXO44
11657230	11692605	1	MAD2L2
11664189	11674354	1	FBXO6
11690958	11725857	1	DRAXIN
11736084	11754802	1	AGTRAP
11761787	11789585	1	C1orf167
11785723	11806455	1	MTHFR
11806096	11848079	1	CLCN6
11845709	11848345	1	NPPA
11857464	11858976	1	NPPB
11919591	11926428	1	KIAA2013
11934205	11975542	1	PLOD1
11980181	12015211	1	MFN2
12019466	12032046	1	MIIP
12063303	12144207	1	TNFRSF8
12166977	12209228	1	TNFRSF1B
12230030	12512047	1	VPS13D
12567909	12620133	1	DHRS3
12644085	12667076	1	AADACL4
12716110	12728760	1	AADACL3
12746200	12763699	1	CFAP107
12773738	12777906	1	PRAMEF12
12791397	12796628	1	PRAMEF1
12824605	12831410	1	PRAMEF11
12847377	12848720	1	HNRNPCL1
12857086	12861909	1	PRAMEF2
12879212	12886201	1	PRAMEF4
12892250	12898270	1	PRAMEF10
12916610	12920751	1	PRAMEF7
12938472	12947580	1	PRAMEF6
13049476	13056575	1	PRAMEF27
13060769	13062878	1	HNRNPCL3
13068677	13077884	1	PRAMEF25
13115488	13116854	1	HNRNPCL2
13148905	13158116	1	PRAMEF26
13163914	13165631	1	HNRNPCL4
13171848	13179459	1	PRAMEF9
13196188	13201409	1	PRAMEF13
13222695	13226154	1	PRAMEF18
13254198	13263435	1	PRAMEF5
13281304	13285137	1	PRAMEF8
13303539	13308907	1	PRAMEF33
13315581	13322598	1	PRAMEF15
13341892	13347134	1	PRAMEF14
13368431	13371947	1	PRAMEF19
13389632	13392629	1	PRAMEF17
13410450	13421328	1	PRAMEF20
13474973	13514003	1	LRRC38
13583465	13617957	1	PDPN
13700188	13825079	1	PRDM2
13892792	15118043	1	KAZN
15152498	15220484	1	TMEM51
15236521	15400283	1	FHAD1
15409849	15430339	1	EFHD2
15438442	15449242	1	CTRC
15456728	15472091	1	CELA2A
15465909	15491395	1	CELA2B
15490832	15526534	1	CASP9
15526813	15592379	1	DNAJC16
15571699	15585078	1	AGMAT
15617458	15669044	1	DDI2
15659713	15662033	1	RSC1A1
15681461	15734769	1	PLEKHM2
15736176	15741392	1	SLC25A34
15742499	15747982	1	TMEM82
15756604	15786594	1	FBLIM1
15807169	15809348	1	UQCRHL
15836095	15940456	1	SPEN
15940403	15976132	1	ZBTB17
16004236	16008807	1	SRARP
16014028	16020597	1	HSPB7
16018146	16034109	1	CLCNKA
16040252	16057367	1	CLCNKB
16057769	16073651	1	FAM131C
16124337	16156069	1	EPHA2
16197854	16212893	1	ARHGEF19
16231692	16237183	1	CPLANE2
16246840	16352487	1	FBXO42
16352575	16398147	1	SZRD1
16387117	16437424	1	SPATA21
16440707	16460081	1	NECAP2
16562319	16613562	1	NBPF1
16740273	16972964	1	CROCC
16974498	16981616	1	MFAP2
16985958	17011928	1	ATP13A2
17005068	17011757	1	
17018664	17054151	1	SDHB
17066761	17119459	1	PADI2
17205128	17246007	1	PADI1
17249098	17284233	1	PADI3
17308195	17364004	1	PADI4
17372196	17401699	1	PADI6
17406755	17439772	1	RCC2
17539368	17697876	1	ARHGEF10L
17755333	17827063	1	ACTL8
18107710	18378483	1	IGSF21
18480930	18485974	1	KLHDC7A
18630846	18748876	1	PAX7
18839599	18859660	1	TAS1R2
18871425	18902799	1	ALDH4A1
18904280	18956676	1	IFFO2
19074510	19210266	1	UBR4
19215660	19251552	1	EMC1
19251796	19260128	1	MRTO4
19265982	19274194	1	AKR7L
19282496	19288823	1	AKR7A3
19301991	19312144	1	AKR7A2
19312284	19329300	1	SLC66A1
19338775	19485600	1	CAPZB
19484403	19629821	1	MICOS10
19596979	19658456	1	NBL1
19597067	19656927	1	MICOS10-NBL1
19664875	19680966	1	HTR6
19682207	19800500	1	TMCO4
19814029	19815283	1	RNF186
19882395	19912945	1	OTUD3
19920009	19923617	1	PLA2G2E
19975431	19980462	1	PLA2G2A
20028179	20091911	1	PLA2G5
20111939	20119566	1	PLA2G2D
20139323	20150381	1	PLA2G2F
20161253	20186518	1	PLA2G2C
20183293	20196050	1	UBXN10
20290875	20359534	1	VWA5B1
20482391	20486210	1	CAMK2N1
20499445	20508151	1	MUL1
20552573	20555020	1	FAM43B
20588932	20618908	1	CDA
20633458	20651511	1	PINK1
20651767	20661544	1	DDOST
20664011	20718017	1	KIF17
20719724	20732837	1	SH2D5
20739095	20787323	1	HP1BP3
20806292	21177285	1	EIF4G3
21217247	21345572	1	ECE1
21440099	21485005	1	NBPF3
21509397	21578410	1	ALPL
21547404	21554002	1	
21596215	21669846	1	RAP1GAP
21678298	21783606	1	USP48
21812265	21825225	1	LDLRAD2
21822244	21937310	1	HSPG2
21977022	21998642	1	CELA3B
22001657	22012542	1	CELA3A
22025142	22092943	1	
22052627	22101360	1	CDC42
22117313	22143969	1	WNT4
22428838	22531157	1	ZBTB40
22563489	22603595	1	EPHA8
22635057	22639681	1	C1QA
22636506	22644067	1	
22642558	22648110	1	C1QC
22652713	22661637	1	C1QB
22710839	22921500	1	EPHB2
22953043	22972866	1	LACTBL1
23010834	23019100	1	TEX46
23019395	23083693	1	KDM1A
23084030	23178152	1	LUZP1
23094326	23094376	1	
23190178	23217547	1	HTR1D
23303771	23344358	1	HNRNPR
23359448	23369836	1	ZNF436
23370591	23425169	1	TCEA3
23428561	23484637	1	ASAP3
23506438	23531233	1	E2F2
23557917	23559883	1	ID3
23691685	23696835	1	RPL11
23743448	23762059	1	ELOA
23778393	23788232	1	PITHD1
23791110	23795544	1	LYPLA2
23795599	23800781	1	GALE
23801877	23838620	1	HMGCL
23845077	23868356	1	FUCA1
23870515	23913362	1	CNR2
23956839	23963776	1	PNRC2
23964347	23980927	1	SRSF10
24056035	24112190	1	MYOM3
24119771	24143165	1	IL22RA1
24154168	24187959	1	IFNLR1
24199558	24364482	1	GRHL3
24355886	24416934	1	STPG1
24413527	24476735	1	NIPAL3
24502340	24541040	1	RCAN3
24556076	24609328	1	NCMAP
24631716	24673281	1	SRRM1
24745342	24844321	1	CLIC4
24899511	24965121	1	RUNX3
25222276	25232504	1	SYF2
25242248	25338244	1	RSRP1
25272393	25330445	1	RHD
25338295	25362362	1	TMEM50A
25362249	25430192	1	RHCE
25430853	25500209	1	MACO1
25543573	25591200	1	LDLRAP1
25616791	25786205	1	MAN1C1
25800193	25818221	1	SELENON
25811470	25823744	1	
25818640	25832947	1	MTFR1L
25831913	25859458	1	AUNIP
25861484	25875874	1	PAQR7
25884181	25907237	1	STMN1
25959767	25999206	1	PAFAH2
26019884	26036464	1	EXTL1
26037252	26046136	1	SLC30A2
26051301	26068436	1	TRIM63
26111157	26125555	1	PDIK1L
26159047	26163962	1	FAM110D
26164101	26168963	1	C1orf232
26169516	26171832	1	ZNF593OS
26169908	26170873	1	ZNF593
26177476	26189884	1	CNKSR1
26190561	26202968	1	CATSPER4
26233669	26278814	1	CEP85
26280057	26281522	1	SH3BGRL3
26281328	26318363	1	UBXN11
26317958	26320523	1	CD52
26321698	26360080	1	CRYBG2
26361634	26374522	1	ZNF683
26410817	26429728	1	LIN28A
26432282	26471322	1	DHDDS
26472013	26478209	1	HMGN2
26529756	26575030	1	RPS6KA1
26693236	26782104	1	ARID1A
26787054	26800659	1	PIGV
26826688	26857604	1	ZDHHC18
26863149	26864456	1	SFN
26876132	26890283	1	GPN2
26890488	26900467	1	GPATCH3
26900238	26946885	1	NUDC
26911489	26913975	1	NR0B2
26949556	26960788	1	KDF1
26993692	27001912	1	TRNP1
27005020	27012850	1	TENT5B
27098809	27166981	1	SLC9A1
27233776	27308711	1	WDTC1
27322139	27336401	1	TMEM222
27342009	27353937	1	SYTL1
27355180	27366972	1	MAP3K6
27369108	27374854	1	FCN3
27379176	27383333	1	CD164L2
27392622	27395814	1	GPR3
27404226	27490308	1	WASF2
27534035	27604431	1	AHDC1
27612064	27635565	1	FGR
27666064	27672212	1	IFI6
27725961	27763116	1	FAM76A
27773195	27824443	1	STX12
27830782	27851676	1	PPP1R8
27872543	27886685	1	THEMIS2
27891524	27914746	1	RPA2
27935000	27959157	1	SMPDL3B
27959588	27968093	1	XKR8
27970344	28088731	1	EYA3
28147166	28194083	1	PTAFR
28199456	28233032	1	DNAJC8
28236084	28246906	1	ATP5IF1
28259473	28282491	1	SESN2
28329002	28335965	1	MED18
28369563	28500364	1	PHACTR4
28505943	28539300	1	RCC1
28553001	28578545	1	TRNAU1AP
28587829	28648364	1	TAF12
28592200	28595449	1	RAB42
28668280	28719353	1	GMEB1
28736621	28769784	1	YTHDF2
28812170	28871267	1	OPRD1
28887091	29120046	1	EPB41
29119429	29123918	1	TMEM200B
29147743	29181922	1	SRSF4
29192657	29230945	1	MECR
29236505	29326813	1	PTPRU
30576655	30576825	1	
30711277	30723585	1	MATN1
30732465	30757855	1	LAPTM5
30869466	30908810	1	SDC3
30931505	31065991	1	PUM1
31179344	31239966	1	NKAIN1
31259568	31296788	1	SNRNP40
31296982	31365527	1	ZCCHC17
31364010	31376850	1	FABP3
31409565	31434680	1	SERINC2
31576485	31587689	1	TINAGL1
31617660	31632518	1	HCRTR1
31629866	31644896	1	PEF1
31652260	31704319	1	COL16A1
31727117	31764893	1	ADGRB2
31790422	31816022	1	SPOCD1
31906421	31944856	1	PTP4A2
31919563	31938010	1	
32013687	32060850	1	KHDRBS1
32072031	32102866	1	TMEM39B
32108056	32176563	1	KPNA6
32178097	32198299	1	TXLNA
32200383	32205453	1	CCDC28B
32205648	32208688	1	IQCC
32209079	32216196	1	DCDC2B
32214472	32222359	1	TMEM234
32221077	32245397	1	EIF3I
32247222	32248856	1	FAM167B
32251244	32286170	1	LCK
32291921	32333635	1	HDAC1
32333827	32336233	1	MARCKSL1
32351521	32364312	1	TSSK3
32361270	32364278	1	FAM229A
32364633	32394731	1	BSDC1
32465050	32496686	1	ZBTB8B
32465057	32600792	1	
32539142	32605941	1	ZBTB8A
32600172	32650969	1	ZBTB8OS
32651142	32686211	1	RBBP4
32679906	32703596	1	SYNC
32741696	32774970	1	NHSL3
32775237	32818031	1	YARS1
32816408	32858879	1	S100PBP
32862268	32872482	1	FNDC5
32881498	32898441	1	HPCA
32894593	32901440	1	TMEM54
32929036	32964915	1	RNF19B
33007986	33080996	1	AK2
33081104	33123492	1	AZIN2
33145399	33182059	1	TRIM62
33256359	33300719	1	ZNF362
33306766	33321098	1	A3GALT2
33323623	33431095	1	PHC2
33472597	33501643	1	ZSCAN20
33513998	34165842	1	CSMD2
33860475	33864791	1	HMGB4
34166883	34219131	1	C1orf94
34712737	34859805	1	SMIM12
34755034	34758512	1	GJB5
34759740	34763724	1	GJB4
34781214	34786369	1	GJB3
34792997	34795756	1	GJA4
34865436	34929650	1	DLGAP3
34974356	34985313	1	
34981380	34985347	1	TMEM35B
34981533	35031741	1	
34986144	35031951	1	ZMYM6
35032172	35118818	1	ZMYM1
35176378	35193446	1	SFPQ
35268667	35422058	1	ZMYM4
35393883	35557950	1	KIAA0319L
35557456	35567274	1	NCDN
35573314	35595328	1	TFAP2E
35599541	35641526	1	PSMB2
35713875	35718894	1	C1orf216
35720218	35770002	1	CLSPN
35808016	35857890	1	AGO4
35869808	35930532	1	AGO1
35930696	36072500	1	AGO3
36084094	36088278	1	TEKT2
36088878	36093932	1	ADPRS
36095239	36125222	1	COL8A2
36136570	36156053	1	TRAPPC3
36155579	36180849	1	MAP7D1
36224392	36305376	1	THRAP3
36306368	36329340	1	SH3D21
36322030	36324154	1	EVA1B
36339620	36385927	1	STK40
36391238	36397945	1	LSM10
36415827	36450451	1	OSCP1
36455718	36464418	1	MRPS15
36465669	36483322	1	CSF3R
36795527	37034515	1	GRIK3
37474496	37484379	1	ZC3H12A
37489993	37514806	1	MEAF6
37534449	37554293	1	SNIP1
37556919	37566857	1	DNALI1
37566815	37595955	1	GNL2
37610802	37635604	1	RSPO1
37681570	37692296	1	AIRIM
37692481	37709719	1	CDCA8
37713880	37765133	1	EPHA10
37793847	37804557	1	MANEAL
37802945	37808208	1	YRDC
37806979	37809454	1	C1orf122
37809574	37859614	1	MTF1
37860696	37947077	1	INPP5B
37956975	37990517	1	SF3A3
37994394	38006380	1	FHL3
38009111	38024820	1	UTP11
38043829	38046793	1	POU3F1
38838198	38859772	1	RRAGC
38862493	38873378	1	MYCBP
38864501	38881617	1	
38874069	38881587	1	GJA9
38885807	38941830	1	RHBDL2
38991272	39006059	1	AKIRIN1
39026318	39034636	1	NDUFS5
39081316	39487177	1	MACF1
39491069	39529869	1	BMP8A
39560709	39576868	1	PABPC4
39623435	39639643	1	HEYL
39651229	39673328	1	NT5C1A
39678648	39691485	1	HPCAL4
39692182	39763914	1	PPIE
39757182	39788865	1	BMP8B
39769523	39771348	1	OXCT2
39838110	39883511	1	TRIT1
39895428	39902256	1	MYCL
39955112	39969968	1	MFSD2A
40039735	40072767	1	CAP1
40072710	40097267	1	PPT1
40161387	40240921	1	RLF
40245947	40251684	1	TMCO2
40258041	40294180	1	ZMPSTE24
40300487	40317813	1	COL9A2
40344850	40423326	1	SMAP2
40450053	40464142	1	ZFP69B
40477233	40496530	1	ZFP69
40508441	40517724	1	EXO5
40531573	40548168	1	ZNF684
40620679	40665690	1	RIMS3
40691570	40771606	1	NFYC
40783675	40840452	1	KCNQ4
40861054	40862363	1	CITED4
40979300	41012565	1	CTPS1
41015589	41024551	1	SLFNL1
41027202	41242306	1	SCMH1
41361922	41383590	1	FOXO6
41478774	41484686	1	EDN2
41506365	42035925	1	HIVEP3
41585306	41628816	1	
42153410	42155820	1	GUCA2B
42162690	42164745	1	GUCA2A
42176535	42335913	1	FOXJ3
42380792	42424232	1	RIMKLA
42430329	42456253	1	ZMYND12
42456117	42473385	1	PPCS
42463221	42657190	1	CCDC30
42658185	42676758	1	PPIH
42682408	42703805	1	YBX1
42733093	42740254	1	CLDN19
42746335	42767084	1	P3H1
42767245	42779491	1	C1orf50
42767292	42794493	1	
42784991	42816619	1	TMEM269
42807040	42817397	1	SVBP
42817078	42845907	1	ERMAP
42846573	42852477	1	ZNF691
42925353	42958893	1	SLC2A1
43145153	43156396	1	CFAP144
43164175	43270936	1	EBNA1BP2
43172330	43254358	1	CFAP57
43269979	43274007	1	TMEM125
43281866	43285908	1	C1orf210
43300971	43323108	1	TIE1
43337808	43354466	1	MPL
43358928	43363207	1	CDC20
43363396	43368075	1	ELOVL1
43383917	43389808	1	MED8
43389882	43454247	1	SZT2
43450607	43453999	1	HYI
43525086	43626579	1	PTPRF
43649256	43705518	1	KDM4A
43650149	43931014	1	
43705824	43931167	1	ST3GAL3
43933320	43937244	1	ARTN
43946830	43968024	1	IPO13
43969978	43973373	1	DPH2
43974487	43978295	1	ATP6V0B
43978943	43991173	1	B4GALT2
43991359	43996529	1	CCDC24
43991500	44031467	1	SLC6A9
44118821	44135140	1	KLF17
44137821	44141631	1	KLF18
44213427	44220681	1	DMAP1
44221070	44355267	1	ERI3
44405185	44651724	1	RNF220
44635238	44674481	1	TMEM53
44674692	44725591	1	ARMH1
44739817	44767767	1	KIF2C
44775251	44778779	1	RPS8
44781836	44791550	1	BEST4
44800346	44805995	1	PLK3
44805888	44807417	1	DYNLT4
44808523	44817381	1	BTBD19
44819154	44843253	1	PTCH2
44850522	44986722	1	EIF2B3
45002540	45011369	1	HECTD3
45010950	45015575	1	UROD
45016395	45306209	1	ZSWIM5
45326895	45328710	1	HPDL
45329163	45340893	1	MUTYH
45329262	45491155	1	
45340012	45343976	1	TOE1
45343877	45491203	1	TESK2
45493866	45500163	1	CCDC163
45500300	45513382	1	MMACHC
45510914	45542816	1	PRDX1
45550475	45570051	1	AKR1A1
45583581	45618905	1	NASP
45620044	45624058	1	CCDC17
45627284	45688408	1	GPBP1L1
45688149	45694443	1	TMEM69
45694324	45750653	1	IPP
45786987	46036228	1	MAST2
46040140	46133338	1	PIK3R3
46043661	46176488	1	P3R3URF-PIK3R3
46173794	46185968	1	TSPAN1
46175486	46176488	1	P3R3URF
46188681	46220305	1	POMGNT1
46203334	46221256	1	LURAP1
46246461	46278482	1	RAD54L
46261196	46303616	1	LRRC41
46300900	46316796	1	UQCRH
46340719	46369218	1	NSUN4
46394265	46415754	1	FAAH
46489822	46516218	1	DMBX1
46532166	46544566	1	TMEM275
46545641	46551647	1	KNCN
46557407	46616843	1	MKNK1
46607719	46616862	1	MOB3C
46632071	46673867	1	ATPAF1
46668855	46673594	1	TEX38
46674659	46719146	1	EFCAB14
46757838	46819413	1	CYP4B1
46928862	46941594	1	CYP4A11
47023666	47050751	1	CYP4X1
47067231	47118318	1	CYP4Z1
47137419	47149742	1	CYP4A22
47183582	47191398	1	PDZK1IP1
47216290	47232225	1	TAL1
47250139	47314892	1	STIL
47333790	47394866	1	CMPK1
47416285	47418052	1	FOXE3
47438044	47440691	1	FOXD2
47760528	47997385	1	TRABD2B
48222685	48248644	1	SLC5A9
48295373	48472279	1	SPATA6
48532854	50023954	1	AGBL4
48727519	48776969	1	BEND5
50024029	50203772	1	ELAVL4
50417550	50423468	1	DMRTA2
50437028	50960279	1	FAF1
50960745	50974634	1	CDKN2C
51102221	51148086	1	C1orf185
51235625	51273447	1	RNF11
51287258	51345116	1	TTC39A
51354263	51519387	1	EPS15
51577179	51798427	1	OSBPL9
51787517	51878805	1	NRDC
51907956	51990700	1	RAB3B
52020130	52055772	1	TXNDC12
52020153	52033350	1	
52032103	52033810	1	KTI12
52056199	52090716	1	BTF3L4
52141888	52348671	1	ZFYVE9
52345723	52366318	1	CC2D1B
52372010	52404471	1	ORC1
52404060	52420836	1	PRPF38A
52408282	52553487	1	TUT4
52602371	52609051	1	GPX7
52633168	52669683	1	SHISAL2A
52684449	52698355	1	COA7
52726447	52827336	1	ZYG11B
52842511	52894998	1	ZYG11A
52895910	52927212	1	ECHDC2
52927276	53051698	1	SCP2
53061293	53093681	1	PODN
53087179	53142638	1	SLC1A7
53196792	53214197	1	CPT2
53214099	53220652	1	CZIB
53226890	53238621	1	MAGOH
53242364	53328469	1	LRP8
53413149	53440018	1	
53459399	53467488	1	DMRTB1
53506232	53739164	1	GLIS1
53765460	53838560	1	NDC1
53847531	53890683	1	YIPF1
53891239	53911086	1	DIO1
53916574	53946588	1	IFT25
53946045	53968168	1	LRRC42
54007298	54018194	1	LDLRAD1
54026681	54053504	1	TMEM59
54052867	54112519	1	TCEANC2
54132686	54200073	1	
54132687	54153770	1	CDCP2
54169651	54200073	1	CYB5RL
54184041	54225464	1	MRPL37
54225432	54413479	1	SSBP3
54542257	54639192	1	ACOT11
54609178	54623556	1	FAM151A
54641754	54710266	1	MROH7
54641786	54742308	1	MROH7-TTC4
54715835	54742657	1	TTC4
54756594	54764546	1	PARS2
54779712	54801323	1	TTC22
54806063	54842252	1	CIMAP2
54849627	54887207	1	DHCR24
54886833	54992296	1	TMEM61
54998933	55017172	1	BSND
55039445	55064852	1	PCSK9
55066359	55215753	1	USP24
56173433	56524495	1	
56494761	56645301	1	PLPP3
56645314	56715335	1	PRKAA2
56718789	56819696	1	FYB2
56854768	56918223	1	C8A
56929099	56974383	1	C8B
56994778	58546734	1	DAB1
58415384	58546838	1	OMA1
58575433	58577252	1	TACSTD2
58643440	58700090	1	MYSM1
58776845	58784048	1	JUN
59295910	59810647	1	FGGY
59814786	59876369	1	HOOK1
59893308	59926822	1	CYP2J2
59987269	60073770	1	C1orf87
60865259	61462788	1	NFIA
61673636	61725423	1	TM2D1
61742477	62178675	1	PATJ
62194257	62235060	1	L1TD1
62236165	62319434	1	KANK4
62436041	62451804	1	USP1
62454298	62688464	1	DOCK7
62597464	62607196	1	ANGPTL3
62783821	62865999	1	ATG4C
63320884	63593721	1	ITGB3BP
63322567	63325128	1	FOXD3
63367575	63438553	1	ALG6
63523372	63572693	1	EFCAB7
63593241	63660245	1	PGM1
63774017	64181498	1	ROR1
64203623	64267368	1	UBE2U
64469765	64693058	1	CACHD1
64744861	64833233	1	RAVER2
64833223	65067754	1	JAK1
65146902	65232145	1	AK4
65248219	65415871	1	DNAJC6
65420587	65436007	1	LEPROT
65420652	65641559	1	LEPR
65792514	66374579	1	PDE4B
66533267	66751139	1	SGIP1
66751741	66779051	1	DYNLT5
66797740	66801276	1	INSL5
66812885	66924890	1	DNAI4
66924895	66988619	1	MIER1
66999350	67054159	1	SLC35D1
67092165	67231853	1	C1orf141
67138907	67259979	1	IL23R
67307364	67398724	1	IL12RB2
67407810	67430415	1	SERBP1
67685201	67688334	1	GADD45A
67701466	67833476	1	GNG12
68045886	68051717	1	DIRAS3
68098473	68233120	1	WLS
68428822	68451103	1	RPE65
68474152	68497230	1	DEPDC1
69567922	70151945	1	LRRC7
70143411	70205639	1	LRRC40
70205670	70253052	1	SRSF11
70258999	70354734	1	ANKRD13C
70406194	70442771	1	CTH
70852353	71047816	1	PTGER3
71063251	71081289	1	ZRANB2
71395943	72282539	1	NEGR1
74026015	74198187	1	LRRIQ3
74198235	74544393	1	FPGT-TNNI3K
74198238	74234086	1	FPGT
74235285	74544432	1	TNNI3K
74469376	74512611	1	LRRC53
74568117	74673792	1	ERICH3
74701488	74733104	1	CRYZ
74733152	74767555	1	TYW3
75128434	75161533	1	LHX8
75202129	75611114	1	SLC44A5
75724431	75787575	1	ACADM
75786188	75795086	1	RABGGTB
75796882	75913242	1	MSH4
75918873	75932404	1	ASB17
76074746	76634603	1	ST6GALNAC3
76867447	77067546	1	ST6GALNAC5
77088987	77219508	1	PIGK
77282019	77559966	1	AK5
77562416	77683422	1	ZZZ3
77694725	77759884	1	USP33
77779624	77879540	1	MIGA1
77888480	77943895	1	NEXN
77944055	77979527	1	FUBP1
77979070	78018529	1	DNAJB4
77979542	78138448	1	GIPC2
78303884	78540701	1	PTGFR
78619902	78646145	1	IFI44L
78647078	78664412	1	IFI44
78889764	79282124	1	ADGRL4
81306112	81993940	1	ADGRL2
83865024	83999164	1	TTLL7
84078062	84238498	1	PRKACB
84298366	84389957	1	SAMD13
84398484	84415018	1	DNASE2B
84479257	84498352	1	RPF1
84498284	84507237	1	GNG5
84506300	84567379	1	SPATA1
84549611	84574480	1	CTBS
84643706	84690955	1	SSX2IP
84811601	84893540	1	LPAR3
84925583	84997115	1	MCOLN2
84999147	85133138	1	DNAI3
85018082	85048679	1	MCOLN3
85156851	85201724	1	SYDE2
85249953	85259672	1	C1orf52
85265776	85276632	1	BCL10
85318481	85578363	1	DDAH1
85580756	85584589	1	CCN1
85649417	85708433	1	ZNHIT6
85729233	86156943	1	COL24A1
86346824	86396342	1	ODF2L
86424171	86456553	1	CLCA2
86468368	86501400	1	CLCA1
86547076	86580758	1	CLCA4
86704520	86748184	1	SH3GLB1
86862445	86914424	1	SELENOF
86914635	87109982	1	HS2ST1
86993009	87169204	1	
87328428	87348923	1	LMO4
88684222	88836255	1	PKN2
88852633	88891944	1	GTF2B
88935773	88992953	1	KYAT3
88979456	88992960	1	RBMXL1
89006666	89022894	1	GBP3
89051505	89072769	1	GBP1
89106132	89150456	1	GBP2
89131742	89176062	1	GBP7
89181144	89198942	1	GBP4
89256189	89272890	1	GBP5
89363895	89388160	1	GBP6
89524829	89597861	1	LRRC8B
89579592	89579654	1	
89632707	89769903	1	LRRC8C
89633140	89933250	1	
89820978	89936611	1	LRRC8D
89995110	90035533	1	ZNF326
90711539	90717302	1	BARHL2
90915298	91022376	1	ZNF644
91260766	91404856	1	HFM1
91500535	91527360	1	CDC7
91680343	91906335	1	TGFBR3
91949343	92014426	1	BRDT
92029475	92063538	1	EPHX4
92074533	92075411	1	SETSIP
92080305	92184725	1	BTBD8
92217915	92245813	1	C1orf146
92245788	92299009	1	GLMN
92299028	92402056	1	RPAP2
92472360	92486925	1	GFI1
92508696	92792416	1	EVI5
92831990	92841924	1	RPL5
92832737	92961522	1	DIPK1A
93079235	93139079	1	MTF2
93149742	93180516	1	TMED5
93179895	93279048	1	CCDC18
93345907	93369493	1	DR1
93448055	93554661	1	FNBP1L
93561741	93847488	1	BCAR3
93866284	93879918	1	DNTTIP2
93885199	93909513	1	GCLM
93992834	94121148	1	ABCA4
94148988	94275068	1	ARHGAP29
94418242	94518666	1	ABCD3
94529173	94541851	1	F3
94820278	94895246	1	SLC44A3
94896949	94927696	1	CNN3
94974405	95072951	1	ALG14
95117292	95197607	1	TLCD4
95117923	95247225	1	TLCD4-RWDD3
95234189	95247685	1	RWDD3
96721573	96823738	1	PTBP2
97077743	97995000	1	DPYD
98661672	98760504	1	SNX7
98890245	99227929	1	PLPPR5
99264292	99309590	1	PLPPR4
99645499	99695178	1	PALMD
99703970	99766635	1	FRRS1
99849777	99924024	1	AGL
99969351	100035634	1	SLC35A3
99970011	100083321	1	
100038076	100083945	1	MFSD14A
100083563	100132955	1	SASS6
100133045	100150496	1	TRMT13
100148424	100178267	1	LRRC39
100182222	100249873	1	DBT
100266160	100292769	1	RTCA
100325629	100520277	1	CDC14A
100538139	100542021	1	GPR88
100719684	100739045	1	VCAM1
100872372	100896000	1	EXTL2
100896061	100996260	1	SLC30A7
100989623	101026110	1	DPH5
101235366	101243713	1	S1PR1
101802560	101997020	1	OLFM3
102876467	103108872	1	COL11A1
103525675	103555239	1	RNPC3
103553815	103579534	1	AMY2B
103617427	103625780	1	AMY2A
103650592	103664629	1	AMY1A
103687415	103701064	1	AMY1B
103745126	103758726	1	AMY1C
107056674	107067636	1	PRMT6
107140007	107484923	1	NTNG1
107571161	107965180	1	VAV3
108134043	108200849	1	SLC25A24
108222464	108244081	1	NBPF4
108450282	108471920	1	NBPF6
108560036	108644900	1	EEIG2
108648285	108661526	1	HENMT1
108692310	108702928	1	PRPF38B
108712907	108746052	1	FNDC7
108746634	108809525	1	STXBP3
108815898	108963484	1	AKNAD1
108875350	108934545	1	GPSM2
108881885	108963527	1	CLCC1
108970211	109042169	1	WDR47
109062496	109076012	1	TAF13
109090367	109096935	1	TMEM167B
109105951	109113857	1	CFAP276
109113175	109206781	1	ELAPOR1
109213844	109238773	1	SARS1
109249539	109275751	1	CELSR2
109279545	109284107	1	PSRC1
109292363	109307213	1	MYBPHL
109309568	109397967	1	SORT1
109399042	109426471	1	PSMA5
109466542	109482134	1	SYPL2
109483479	109492812	1	ATXN7L2
109494052	109502932	1	CYB561D1
109504178	109509738	1	AMIGO1
109539872	109548406	1	GPR61
109548584	109600195	1	GNAI3
109601407	109619929	1	GNAT2
109616104	109632055	1	AMPD2
109656099	109665496	1	GSTM4
109667348	109709551	1	GSTM2
109687340	109709039	1	GSTM1
109711746	109775428	1	GSTM5
109733932	109741038	1	GSTM3
109750078	109764062	1	EPS8L3
109910242	109930993	1	CSF1
109984765	110023742	1	AHCYL1
110031577	110074641	1	STRIP1
110059870	110070672	1	ALX3
110112443	110113947	1	UBL4B
110150494	110202202	1	SLC6A17
110210314	110283100	1	KCNC4
110338506	110346681	1	RBM15
110362848	110391082	1	SLC16A4
110401249	110407942	1	LAMTOR5
110451149	110457358	1	PROK1
110517217	110519175	1	KCNA10
110519837	110631474	1	KCNA2
110653560	110674940	1	KCNA3
110871176	110899936	1	CD53
110946652	110963988	1	LRIF1
111115884	111140225	1	DRAM2
111139479	111185507	1	CEPT1
111185969	111204535	1	DENND2D
111200771	111243440	1	CHI3L2
111290851	111320566	1	CHIA
111346600	111353013	1	CIMAP3
111414319	111427735	1	OVGP1
111439890	111449256	1	WDR77
111448111	111465941	1	ATP5PB
111473792	111478512	1	C1orf162
111483348	111563962	1	TMIGD3
111499429	111503633	1	ADORA3
111542218	111716691	1	RAP1A
111680630	111755824	1	INKA2
111754832	111775602	1	DDX20
111770662	111989668	1	KCND3
112396202	112463456	1	CTTNBP2NL
112466541	112530165	1	WNT2B
112523487	112620825	1	ST7L
112619173	112671616	1	CAPZA1
112673141	112702383	1	MOV10
112701127	112707845	1	RHOC
112702614	112711433	1	
112709994	112715336	1	PPM1J
112718905	112727235	1	TAFA3
112911847	112957593	1	SLC16A1
113073179	113132260	1	LRIG2
113390501	113685923	1	MAGI3
113696052	113759908	1	PHTF1
113761832	113812476	1	RSBN1
113813811	113871753	1	PTPN22
113876816	113887581	1	BCL2L15
113894194	113905722	1	AP4B1
113904403	113914086	1	DCLRE1B
113929324	113977869	1	HIPK1
113979024	114035572	1	OLFML3
114089291	114153880	1	SYT6
114392781	114511244	1	TRIM33
114567552	114581648	1	BCAS2
114582848	114670451	1	DENND2C
114673090	114695618	1	AMPD1
114704469	114716771	1	NRAS
114716913	114758704	1	CSDE1
114769479	114780699	1	SIKE1
114854863	114995370	1	SYCP1
115029826	115034302	1	TSHB
115048011	115089503	1	TSPAN2
115285904	115338770	1	NGF
115641854	115698224	1	VANGL1
115698038	115837921	1	CASQ2
115836377	115843917	1	NHLH2
115976477	116070054	1	SLC22A15
116111399	116138149	1	MAB21L3
116372668	116410261	1	ATP1A1
116514534	116571039	1	CD58
116574399	116667820	1	IGSF3
116754370	116769229	1	CD2
116909894	116990358	1	PTGFRN
117001721	117036552	1	CD101
117060294	117107453	1	TTF2
117111060	117122587	1	TRIM45
117143587	117210960	1	VTCN1
117367449	117528872	1	MAN1A2
117606048	117628389	1	TENT5C
117863485	117929662	1	GDAP2
117929063	117966543	1	WDR3
117953590	118185228	1	SPAG17
118883046	118989556	1	TBX15
119030284	119140673	1	WARS2
119368727	119394258	1	HAO2
119413725	119423035	1	HSD3B2
119507198	119515054	1	HSD3B1
119619377	119648454	1	ZNF697
119648411	119744227	1	PHGDH
119747979	119769092	1	HMGCS2
119794017	119811580	1	REG4
119893533	119896515	1	ADAM30
119911553	120100779	1	NOTCH2
120150898	120176520	1	SEC22B
120415035	120469676	1	NBPF8
120723912	120794851	1	NOTCH2NLR
120723945	120842229	1	NBPF26
120889771	120890530	1	PPIAL4A
121167646	121185539	1	FAM72B
121184811	121392874	1	SRGAP2C
143894544	143905977	1	H3-7
143955287	143971986	1	FAM72C
144372875	144373634	1	PPIAL4E
144421390	144461676	1	NBPF15
144592893	144593652	1	PPIAL4F
144887191	145095528	1	SRGAP2B
145095971	145112696	1	FAM72D
145241415	145242174	1	PPIAL4D
145289900	145425603	1	NBPF20
145607982	145670980	1	GPR89A
145670848	145708148	1	PDZK1
145719443	145740760	1	CD160
145738868	145824095	1	RNF115
145823959	145844721	1	POLR3C
145845603	145848954	1	NUDT17
145848521	145859836	1	PIAS3
145866560	145886088	1	ANKRD35
145891206	145910111	1	ITGA10
145911349	145918730	1	PEX11B
145917714	145926741	1	
145921065	145928067	1	RBM8A
145927258	145977811	1	
145933423	145958017	1	LIX1L
145959441	145964575	1	ANKRD34A
145964690	145978848	1	POLR3GL
145992435	145996580	1	TXNIP
146017468	146036746	1	HJV
146064711	146229000	1	NBPF10
146145929	146229073	1	NOTCH2NLA
146344006	146344765	1	PPIAL4H
146938324	146996202	1	NBPF12
147155106	147173716	1	PRKAB2
147175351	147243050	1	FMO5
147242643	147295767	1	CHD1L
147541501	147626216	1	BCL9
147611590	147611796	1	
147629652	147670531	1	ACP6
147756199	147773362	1	GJA5
147902795	147909269	1	GJA8
147928393	147993592	1	GPR89B
148102042	148152342	1	NBPF11
148482548	148483302	1	PPIAL4G
148531385	148679742	1	NBPF14
148597331	148679746	1	NOTCH2NLB
148748774	148752415	1	NUDT4B
148808140	149048286	1	PDE4DIP
149052186	149103591	1	NBPF9
149390621	149471833	1	NOTCH2NLC
149390623	149556361	1	
149475045	149556361	1	NBPF19
149583848	149584607	1	PPIAL4C
149782650	149792526	1	FCGR1A
149782689	149812373	1	H2BC18
149813225	149813693	1	H3C13
149832657	149839767	1	H4C14
149840687	149841208	1	H3C14
149842218	149842750	1	H2AC18
149851061	149851652	1	H2AC19
149852608	149853125	1	H3C15
149854045	149861159	1	H4C15
149884459	149886682	1	H2BC21
149886918	149887411	1	H2AC20
149887469	149887965	1	H2AC21
149887890	149900798	1	BOLA1
149903318	149918572	1	SV2A
149923317	149927803	1	SF3B4
149928651	149937523	1	MTMR11
149937812	150010758	1	OTUD7B
150067279	150145329	1	VPS45
150149183	150164720	1	PLEKHO1
150218417	150236202	1	ANP32E
150257251	150265078	1	CA14
150265399	150269580	1	APH1A
150268034	150281735	1	C1orf54
150282543	150287093	1	CIART
150293854	150308981	1	MRPS21
150321479	150353233	1	PRPF3
150363091	150476566	1	RPRD2
150487325	150507613	1	TARS2
150507989	150513789	1	ECM1
150549369	150560937	1	ADAMTSL4
150560895	150579738	1	MCL1
150600851	150629612	1	ENSA
150646228	150697219	1	GOLPH3L
150698060	150720895	1	HORMAD1
150730079	150765957	1	CTSS
150794880	150809577	1	CTSK
150808617	150876771	1	ARNT
150887136	150913292	1	CTXND2
150926263	150964744	1	SETDB1
150960583	150977396	1	CERS2
150981321	150996077	1	ANXA9
150995125	151008376	1	MINDY1
151008420	151035713	1	PRUNE1
151036321	151047720	1	BNIPL
151047751	151051986	1	C1orf56
151050971	151070325	1	CDC42SE1
151057871	151069544	1	MLLT11
151070514	151125542	1	GABPB2
151131685	151147813	1	SEMA6C
151156621	151160255	1	TNFAIP8L2
151156664	151170296	1	SCNM1
151159748	151165948	1	LYSMD1
151169984	151176284	1	TMOD4
151176304	151195321	1	VPS72
151197949	151249538	1	PIP5K1A
151254709	151267479	1	PSMD4
151281502	151292180	1	ZNF687
151291792	151328394	1	PI4KB
151340640	151347339	1	RFX5
151364302	151372716	1	SELENBP1
151399556	151401941	1	PSMB4
151402724	151459494	1	POGZ
151510139	151538692	1	CGN
151540305	151583583	1	TUFT1
151612006	151699091	1	SNX27
151700058	151716803	1	CELF3
151710433	151729805	1	RIIAD1
151759647	151763496	1	MRPL9
151762899	151771334	1	OAZ3
151769799	151791416	1	TDRKH
151800264	151805419	1	LINGO4
151806071	151831845	1	RORC
151837818	151840557	1	C2CD4D
151847101	151853712	1	THEM5
151870866	151909637	1	THEM4
151982903	151993859	1	S100A10
152032504	152047907	1	S100A11
152084141	152089064	1	TCHHL1
152106317	152115444	1	TCHH
152153595	152159228	1	RPTN
152212076	152224193	1	HRNR
152302165	152325239	1	FLG
152348735	152360006	1	FLG2
152409243	152414263	1	CRNN
152510803	152512177	1	LCE5A
152514482	152516008	1	CRCT1
152565654	152566780	1	LCE3E
152579381	152580516	1	LCE3D
152600234	152601086	1	LCE3C
152613811	152614098	1	LCE3B
152622834	152623103	1	LCE3A
152663380	152664659	1	LCE2D
152675279	152676569	1	LCE2C
152686123	152687397	1	LCE2B
152698345	152699442	1	LCE2A
152708160	152709434	1	LCE4A
152719522	152720470	1	KPLCE
152758025	152762056	1	KPRP
152775140	152777024	1	LCE1F
152786214	152788426	1	LCE1E
152796721	152798181	1	LCE1D
152804832	152806651	1	LCE1C
152811971	152813108	1	LCE1B
152827473	152828097	1	LCE1A
152842856	152843983	1	LCE6A
152859996	152861252	1	LCE7A
152878322	152885047	1	SMCP
152908546	152911886	1	IVL
152947206	152949255	1	SPRR5
152970648	152972574	1	SPRR4
152984081	152985814	1	SPRR1A
153001747	153003856	1	SPRR3
153031203	153032900	1	SPRR1B
153039732	153041931	1	SPRR2D
153056120	153057512	1	SPRR2A
153070226	153071611	1	SPRR2B
153093135	153106184	1	SPRR2E
153112121	153113516	1	SPRR2F
153149582	153150890	1	SPRR2G
153203430	153205120	1	LELP1
153217584	153219310	1	PRR9
153259687	153262124	1	LORICRIN
153297116	153312952	1	PGLYRP3
153330120	153348841	1	PGLYRP4
153357767	153361027	1	S100A9
153373711	153375621	1	S100A12
153390032	153391142	1	S100A8
153416520	153423222	1	S100A7A
153457744	153460651	1	S100A7
153534591	153536549	1	S100A6
153537147	153541765	1	S100A5
153543613	153550136	1	S100A4
153547329	153550151	1	S100A3
153560950	153568674	1	S100A2
153606882	153614012	1	S100A16
153614255	153616996	1	S100A14
153618612	153634442	1	S100A13
153627926	153632044	1	S100A1
153633982	153646306	1	CHTOP
153658696	153663930	1	SNAPIN
153661788	153671028	1	ILF2
153677965	153694110	1	NPR1
153728050	153774808	1	INTS3
153774354	153780158	1	SLC27A3
153789030	153923360	1	GATAD2B
153928864	153946744	1	DENND4B
153947669	153958634	1	CRTC2
153959099	153968667	1	SLC39A1
153959151	153975887	1	
153963719	153974364	1	CREB3L4
153974269	153977674	1	JTB
153975850	153986246	1	
153981617	153986377	1	RAB13
153990749	153992333	1	RPS27
153992690	154155116	1	NUP210L
154155308	154194648	1	TPM3
154199085	154206333	1	CFAP141
154206668	154220681	1	C1orf43
154220179	154271510	1	UBAP2L
154269393	154275882	1	HAX1
154321090	154325325	1	AQP10
154325520	154351307	1	ATP8B2
154405193	154469450	1	IL6R
154469772	154502472	1	SHE
154502219	154548147	1	TDRD10
154548550	154559028	1	UBE2Q1
154567778	154580013	1	CHRNB2
154581695	154628013	1	ADAR
154697455	154870281	1	KCNN3
154924732	154937008	1	PMVK
154944059	154956451	1	PBXIP1
154957026	154963853	1	PYGO2
154962284	154974395	1	SHC1
154974641	154979251	1	CKS1B
154983338	154993111	1	FLAD1
154993586	154994315	1	LENEP
155002543	155018525	1	ZBTB7B
155018520	155033781	1	DCST2
155033824	155050930	1	DCST1
155050566	155062780	1	ADAM15
155063737	155069553	1	EFNA4
155063748	155086807	1	EFNA4-EFNA3
155078823	155087538	1	EFNA3
155127876	155134899	1	EFNA1
155135344	155138857	1	SLC50A1
155139886	155140595	1	DPM3
155169408	155173475	1	KRTCAP2
155169409	155187272	1	
155173787	155184971	1	TRIM46
155185824	155192916	1	MUC1
155195587	155209051	1	THBS3
155208695	155213824	1	MTX1
155234447	155245178	1	GBA1
155247205	155255795	1	ENTREP3
155255979	155262433	1	SCAMP3
155262868	155278491	1	CLK2
155277328	155289848	1	HCN3
155289293	155301438	1	PKLR
155304786	155320666	1	FDPS
155320739	155331118	1	RUSC1
155335268	155563162	1	ASH1L
155563235	155616511	1	MSTO1
155626755	155648640	1	
155659446	155689334	1	YY1AP1
155687833	155739014	1	DAP3
155749659	155859400	1	GON4L
155859449	155885199	1	SYT11
155897808	155911408	1	RIT1
155913043	155934413	1	KHDC4
155941638	155943087	1	RXFP4
155946851	156007070	1	ARHGEF2
156009041	156020968	1	SSR2
156035299	156053798	1	UBQLN4
156054738	156058510	1	LAMTOR2
156061148	156070514	1	RAB25
156072013	156082465	1	MEX3A
156082572	156140081	1	LMNA
156147366	156178869	1	SEMA4A
156193932	156212796	1	SLC25A44
156212982	156243332	1	PMF1-BGLAP
156212989	156240423	1	PMF1
156242184	156243317	1	BGLAP
156243320	156248117	1	PAQR6
156249223	156282844	1	SMG5
156282935	156293185	1	TMEM79
156290089	156295689	1	GLMP
156298624	156299307	1	VHLL
156308960	156367873	1	CCT3
156337314	156346995	1	TSACC
156369209	156385219	1	RHBG
156463727	156501266	1	MEF2D
156525405	156572604	1	IQGAP3
156579723	156587719	1	TTC24
156591743	156609507	1	NAXE
156594301	156601496	1	GPATCH4
156619331	156626361	1	HAPLN2
156641390	156659532	1	BCAN
156668763	156677407	1	NES
156699597	156708094	1	CRABP2
156720796	156728766	1	ISG20L2
156728442	156736960	1	METTL25B
156737294	156741590	1	MRPL24
156742109	156766925	1	HDGF
156750610	156800817	1	PRCC
156806235	156817014	1	SH2D2A
156815636	156881850	1	NTRK1
156840063	156859117	1	INSRR
156893666	156916432	1	PEAR1
156920631	156933094	1	LRRC71
156934840	157046903	1	ARHGEF11
157092043	157117877	1	ETV3L
157121191	157138474	1	ETV3
157513377	157552515	1	FCRL5
157573747	157598085	1	FCRL4
157674321	157700901	1	FCRL3
157745733	157777269	1	FCRL2
157792249	157820183	1	FCRL1
157830911	157898256	1	CD5L
157993273	158100262	1	KIRREL1
158127287	158128301	1	SMIM42
158178015	158186427	1	CD1D
158254424	158258269	1	CD1A
158289923	158294774	1	CD1C
158327951	158331531	1	CD1B
158353696	158357553	1	CD1E
158398522	158399466	1	OR10T2
158418210	158426237	1	OR10K2
158461574	158470857	1	OR10K1
158472220	158480936	1	OR10R2
158544550	158554405	1	OR6Y1
158560606	158570580	1	OR6P1
158578919	158579899	1	OR10X1
158605268	158612514	1	OR10Z1
158610704	158686715	1	SPTA1
158699678	158700652	1	OR6K2
158716327	158720720	1	OR6K3
158747814	158772195	1	OR6N1
158754720	158755891	1	OR6K6
158774222	158781204	1	OR6N2
158831332	158849506	1	MNDA
158930796	158977059	1	PYHIN1
158999953	159055156	1	IFI16
158999971	159002751	1	PYDC5
159056129	159188222	1	AIM2
159171609	159203313	1	CADM3
159204568	159206500	1	ACKR1
159289714	159308224	1	FCER1A
159313720	159314659	1	OR10J3
159432204	159433138	1	OR10J4
159437845	159443078	1	OR10J1
159535078	159536007	1	OR10J5
159587826	159588865	1	APCS
159712289	159714589	1	CRP
159780932	159782543	1	DUSP23
159800511	159816262	1	FCRL6
159826693	159837492	1	SLAMF8
159834474	159873053	1	
159854316	159862657	1	VSIG8
159872364	159900165	1	CFAP45
159918107	159925525	1	TAGLN2
159927039	159949468	1	IGSF9
159951492	159954237	1	SLAMF9
159998651	160070483	1	KCNJ10
160024953	160031990	1	PIGM
160081501	160090563	1	KCNJ9
160091340	160101109	1	IGSF8
160115758	160143595	1	ATP1A2
160151586	160186980	1	ATP1A4
160190385	160201886	1	CASQ1
160205335	160215404	1	PEA15
160215715	160263388	1	DCAF8
160216800	160285130	1	
160276807	160286348	1	PEX19
160288594	160343566	1	COPA
160343294	160358957	1	NCSTN
160367071	160372846	1	NHLH1
160400564	160428678	1	VANGL2
160485030	160523273	1	SLAMF6
160541095	160579516	1	CD84
160608100	160647044	1	SLAMF1
160678746	160711831	1	CD48
160739057	160754821	1	SLAMF7
160796074	160828483	1	LY9
160830160	160862904	1	CD244
160876539	160893012	1	ITLN1
160944266	160954889	1	ITLN2
160995211	161023123	1	F11R
160997957	161038962	1	
161037631	161038977	1	TSTD1
161039249	161045977	1	USF1
161046946	161069970	1	ARHGAP30
161070988	161090045	1	NECTIN4
161098361	161100346	1	KLHDC9
161100556	161118069	1	PFDN2
161118082	161125445	1	NIT1
161120973	161133280	1	DEDD
161152776	161158856	1	UFC1
161159450	161165723	1	USP21
161165837	161178013	1	PPOX
161171306	161178652	1	B4GALT3
161184302	161200509	1	ADAMTS4
161197104	161214723	1	NDUFS2
161215234	161220699	1	FCER1G
161222290	161224305	1	APOA2
161225939	161233754	1	TOMM40L
161229666	161238262	1	NR1I3
161258136	161285450	1	PCP4L1
161304735	161309968	1	MPZ
161314381	161363206	1	SDHC
161364733	161367885	1	CFAP126
161505415	161524013	1	FCGR2A
161524540	161526894	1	HSPA6
161541759	161550968	1	FCGR3A
161544807	161631456	1	
161581339	161605662	1	FCGR2C
161623196	161631963	1	FCGR3B
161662803	161679490	1	FCGR2B
161706958	161714352	1	FCRLA
161721544	161728143	1	FCRLB
161749758	161757238	1	DUSP12
161766261	161977574	1	ATF6
161983192	162023869	1	OLFML2B
162069691	162370475	1	NOS1AP
162365407	162383531	1	
162373203	162376874	1	SPATA46
162378841	162386812	1	C1orf226
162395268	162412138	1	SH2D1B
162497251	162529631	1	UHMK1
162561481	162601259	1	UAP1
162630863	162787405	1	DDR2
162790702	162812823	1	HSD17B7
162824458	162868957	1	CCDC190
163068775	163076802	1	RGS4
163111121	163321791	1	RGS5
163266576	163355766	1	NUF2
164555584	164899296	1	PBX1
165201867	165356715	1	LMX1A
165400922	165445355	1	RXRG
165544000	165563957	1	LRRC52
165630874	165661796	1	MGST3
165662216	165698597	1	ALDH9A1
165724293	165827755	1	TMCO1
165827586	165911618	1	UCK2
166057426	166167001	1	FAM78B
166839314	166860347	1	POGK
166856510	166876360	1	TADA1
166895711	166975540	1	ILDR2
166975582	167022214	1	MAEL
167048289	167166479	1	GPA33
167094075	167129165	1	STYXL2
167220876	167427345	1	POU2F1
167425027	167518640	1	CD247
167529117	167553822	1	CREG1
167629660	167708706	1	RCSD1
167721192	167791919	1	MPZL1
167809386	167914215	1	ADCY10
167916675	167937502	1	MPC2
167935783	168076223	1	DCAF6
168079542	168137685	1	GPR161
168178918	168202114	1	TIPRL
168225938	168253021	1	SFT2D2
168280877	168314426	1	TBX19
168540768	168543997	1	XCL2
168576605	168582069	1	XCL1
168695457	168729206	1	DPT
169105697	169310992	1	ATP1B1
169132531	169367948	1	NME7
169367970	169396540	1	BLZF1
169394870	169460669	1	CCDC181
169463909	169485944	1	SLC19A2
169511951	169586588	1	F5
169588421	169630193	1	SELP
169662007	169855456	1	FIRRM
169690665	169712202	1	SELL
169722640	169764705	1	SELE
169792529	169794991	1	METTL18
169846981	169894267	1	SCYL3
169921326	170085208	1	KIFAP3
170145959	170168866	1	NTMT2
170531819	170553834	1	GORAB
170662728	170739421	1	PRRX1
170935429	171064765	1	MROH9
171085113	171118675	1	FMO3
171185249	171212686	1	FMO2
171248471	171285978	1	FMO1
171314091	171343741	1	FMO4
171485530	171593511	1	PRRC2C
171600621	171638799	1	MYOCOS
171635417	171652688	1	MYOC
171700160	171743206	1	VAMP4
171781660	171814023	1	METTL13
171817887	172418466	1	DNM3
172370189	172444148	1	PIGC
172420685	172468831	1	C1orf105
172532349	172611833	1	SUCO
172659102	172666876	1	FASLG
173039202	173050941	1	TNFSF18
173162645	173477583	1	TNFSF4
173476814	173489064	1	PRDX6
173500460	173603072	1	SLC9C2
173596060	173669837	1	
173608336	173669851	1	ANKRD45
173635338	173637130	1	TEX50
173714919	173786820	1	KLHL20
173799550	173824883	1	CENPL
173824540	173858808	1	DARS2
173868082	173903547	1	ZBTB37
173903519	173917543	1	SERPINC1
173931084	174022357	1	RC3H1
174022122	174022298	1	
174159410	174995308	1	RABGAP1L
174447964	174449545	1	GPR52
174999163	175012027	1	CACYBP
175010789	175023432	1	MRPS14
175067509	175148075	1	TNN
175156986	175193265	1	KIAA0040
175315194	175743595	1	TNR
175944828	176207510	1	COP1
176463171	176845601	1	PAPPA2
176857302	177164973	1	ASTN1
177170890	177282422	1	BRINP2
177923956	177984303	1	SEC16B
178093768	178484147	1	RASAL2
178479240	178499634	1	CLEC20A
178513109	178548602	1	TEX35
178725165	178921842	1	RALGPS2
178849535	178872204	1	ANGPTL1
179025804	179076567	1	FAM20B
179081854	179098023	1	TOR3A
179099330	179229684	1	ABL2
179293440	179358680	1	SOAT1
179365720	179554735	1	AXDND1
179550494	179575952	1	NPHS2
179591613	179691272	1	TDRD5
179743291	179817055	1	FAM163A
179839967	179883034	1	TOR1AIP2
179882042	179920077	1	TOR1AIP1
179882316	179882393	1	
179954674	180114880	1	CEP350
180154869	180204030	1	QSOX1
180230188	180278984	1	LHX4
180269653	180502954	1	ACBD6
180632016	180890279	1	XPR1
180912897	180951614	1	KIAA1614
180972712	181023121	1	STX6
181033374	181061938	1	MR1
181088700	181092900	1	IER5
181317690	181813262	1	CACNA1E
182054570	182061712	1	ZNF648
182378098	182392206	1	GLUL
182398117	182400667	1	TEDDM1
182409192	182560599	1	RGSL1
182573634	182589272	1	RNASEL
182598623	182604394	1	RGS16
182641816	182684587	1	RGS8
182789293	182831017	1	NPL
182839302	182887982	1	DHX9
182899865	182953525	1	SHCBP1L
183023420	183145592	1	LAMC1
183186057	183245127	1	LAMC2
183248237	183418380	1	NMNAT2
183471957	183598246	1	SMG7
183554461	183593499	1	NCF2
183620846	183635783	1	ARPC5
183636085	183928532	1	RGL1
183646275	183653316	1	APOBEC4
183929854	184037729	1	COLGALT2
184051651	184123978	1	TSEN15
184386098	184629019	1	C1orf21
184690237	184754907	1	EDEM3
184790724	184974611	1	NIBAN1
185044865	185102603	1	RNF2
185118085	185157072	1	TRMT1L
185156103	185291983	1	SWT1
185292931	185317780	1	IVNS1ABP
185734391	186190949	1	HMCN1
186296270	186314567	1	PRG4
186311652	186375693	1	TPR
186375505	186421378	1	ODR4
186443566	186461114	1	PDC
186671791	186680922	1	PTGS2
186828949	186988986	1	PLA2G4A
190097658	190478404	1	BRINP3
192158462	192185815	1	RGS18
192316992	192367285	1	RGS21
192575763	192580024	1	RGS1
192636061	192660311	1	RGS13
192809039	192812275	1	RGS2
193012246	193060080	1	UCHL5
193059445	193091777	1	RO60
193090866	193106114	1	GLRX2
193115732	193264613	1	CDC73
193178730	193186613	1	B3GALT2
196225779	196609225	1	KCNT2
196651754	196752476	1	CFH
196651852	196795393	1	
196774742	196797364	1	CFHR3
196819314	196837159	1	CFHR1
196888014	196920294	1	CFHR4
196943731	196964115	1	CFHR2
196975010	197009678	1	CFHR5
197038737	197067260	1	F13B
197084121	197146694	1	ASPM
197153682	197201449	1	ZBTB41
197268204	197478455	1	CRB1
197504748	197775706	1	DENND1B
197902449	197907368	1	C1orf53
197911902	197935478	1	LHX9
198156883	198322451	1	NEK7
198523222	198540945	1	ATP6V1G3
198629900	198759346	1	PTPRC
200027597	200177420	1	NR5A2
200404940	200410056	1	ZNF281
200551497	200620771	1	KIF14
200623896	200670049	1	DDX59
200738893	200860707	1	CAMSAP2
200872981	200874178	1	GPR25
200891003	200915742	1	INAVA
200969390	201023714	1	KIF21B
201039512	201112451	1	CACNA1S
201113943	201127184	1	ASCL5
201134772	201172330	1	TMEM9
201190824	201228952	1	IGFN1
201283452	201332993	1	PKP1
201359002	201379773	1	TNNT2
201380833	201399915	1	LAD1
201403784	201429866	1	TNNI1
201464278	201469237	1	PHLDA3
201483530	201513100	1	CSRP1
201538982	201826969	1	NAV1
201829104	201884291	1	IPO9
201888679	201892587	1	SHISA4
201896456	201946551	1	LMOD1
201955476	201970664	1	TIMM17A
201982372	202006147	1	RNPEP
202007945	202017183	1	ELF3
202122886	202133592	1	GPR37L1
202133404	202144743	1	ARL8A
202147012	202161588	1	PTPN7
202193692	202319781	1	LGR6
202328714	202341984	1	UBE2T
202348666	202592706	1	PPP1R12B
202590596	202710526	1	SYT2
202724495	202808487	1	KDM5B
202878282	202889149	1	RABIF
202891096	202928636	1	KLHL12
202940090	202958572	1	ADIPOR1
202961118	202967277	1	CYB5R1
203007356	203024848	1	TMEM183A
203026491	203078740	1	PPFIA4
203083129	203086013	1	MYOG
203090654	203167407	1	ADORA1
203167811	203175880	1	MYBPH
203178931	203186796	1	CHI3L1
203212827	203273641	1	CHIT1
203305491	203309602	1	BTG2
203340623	203351758	1	FMOD
203475777	203491352	1	PRELP
203494121	203508949	1	OPTC
203626778	203744081	1	ATP2B4
203765177	203778175	1	LAX1
203795623	203854124	1	ZBED6
203795623	203854999	1	ZC3H11A
203802094	203802192	1	
203861598	203871152	1	SNRPE
204073111	204127743	1	SOX13
204131062	204152044	1	ETNK2
204154815	204190324	1	REN
204190341	204196491	1	KISS1
204198158	204214121	1	GOLT1A
204218851	204378214	1	PLEKHA6
204396492	204411887	1	PPP1R15B
204422628	204494805	1	PIK3C2B
204516369	204558120	1	MDM4
204617170	204685738	1	LRRN2
204828651	205022822	1	NFASC
205042937	205078289	1	CNTN2
205083129	205084460	1	TMEM81
205086142	205122015	1	RBBP5
205142505	205211709	1	DSTYK
205227912	205285632	1	TMCC2
205302063	205321745	1	NUAK2
205336061	205357324	1	KLHDC8A
205381378	205455954	1	LEMD1
205434885	205457390	1	BLACAT1
205504561	205532976	1	CDK18
205568833	205602918	1	MFSD4A
205597556	205634520	1	ELK4
205657851	205680990	1	SLC45A3
205712822	205750270	1	NUCKS1
205767986	205775482	1	RAB29
205789091	205813755	1	SLC41A1
205828025	205850132	1	PM20D1
205913048	205943460	1	SLC26A9
205976740	206003461	1	RAB7B
206008535	206023909	1	CTSE
206053173	206102449	1	RHEX
206106936	206117699	1	AVPR1B
206186179	206204414	1	FAM72A
206203346	206464436	1	SRGAP2
206470332	206496891	1	IKBKE
206507531	206589448	1	RASSF5
206571292	206612514	1	EIF2D
206635536	206684419	1	DYRK3
206684886	206734284	1	MAPKAPK2
206767602	206774541	1	IL10
206770764	206842981	1	IL19
206865623	206869223	1	IL20
206897443	206904139	1	IL24
206903317	206923247	1	FCMR
206928522	206949367	1	PIGR
206957965	206970625	1	FCAMR
207018522	207032821	1	C1orf116
207034366	207081243	1	PFKFB2
207043849	207052980	1	YOD1
207088802	207100001	1	C4BPB
207102319	207145047	1	C4BPA
207321514	207386804	1	CD55
207453024	207489895	1	CR2
207496147	207641776	1	CR1
207645113	207738416	1	CR1L
207752037	207795513	1	CD46
207880972	207911402	1	CD34
208022242	208244850	1	PLXNA2
209583714	209613939	1	CAMK1G
209614870	209653106	1	LAMB3
209675412	209676390	1	G0S2
209686178	209734949	1	HSD11B1
209756032	209782320	1	TRAF3IP3
209779208	209784620	1	C1orf74
209779629	209806179	1	
209785254	209806217	1	IRF6
209827972	209857565	1	UTP25
209900923	210171389	1	SYT14
210232596	210246631	1	SERTAD4
210328252	210676298	1	HHAT
210676823	211134183	1	KCNH1
211082872	211188533	1	
211258377	211316385	1	RCOR3
211326325	211375036	1	TRAF5
211476522	211492484	1	RD3
211571568	211579161	1	SLC30A1
211658657	211675663	1	NEK2
211743457	211833674	1	LPGAT1
211940399	212035557	1	INTS7
212035553	212107400	1	DTL
212285357	212361863	1	PPP2R5A
212363926	212414909	1	PACC1
212432853	212446379	1	NENF
212565334	212620777	1	ATF3
212624474	212626775	1	GARIN4
212686417	212699840	1	BATF3
212726153	212791783	1	NSL1
212791828	212816830	1	TATDN3
212830141	212847649	1	SPATA45
212858237	212899363	1	FLVCR1
212950520	212992838	1	VASH2
212992182	213015867	1	ANGEL2
213051233	213274774	1	RPS6KC1
213982711	214041510	1	PROX1
214280935	214337137	1	SMYD2
214348700	214552449	1	PTPN14
214603172	214664574	1	CENPF
215005775	215237090	1	KCNK2
215567022	215623007	1	KCTD3
215622891	216423448	1	USH2A
216503246	217137755	1	ESRRG
217426992	217631090	1	GPATCH2
217631324	217871696	1	SPATA17
218285290	218337983	1	RRP15
218345336	218444619	1	TGFB2
219173853	219220700	1	LYPLAL1
219608012	219613105	1	ZC3H11B
219685427	219959018	1	SLC30A10
219968598	220046616	1	EPRS1
220057079	220119267	1	BPNT1
220094107	220148041	1	IARS2
220148293	220272529	1	RAB3GAP2
220528086	220664461	1	MARK1
220690363	220699153	1	C1orf115
220748122	220784824	1	MTARC2
220786352	220819659	1	MTARC1
220786990	220884503	1	
220879431	220885059	1	HLX
221700669	221742089	1	DUSP10
222522258	222548104	1	HHIPL2
222557902	222590162	1	TAF1A
222618090	222668007	1	MIA3
222668013	222713210	1	AIDA
222711691	222735196	1	BROX
222737202	222753157	1	FAM177B
222814730	223006258	1	DISP1
223109339	223143318	1	TLR5
223220819	223365279	1	SUSD4
223393415	223395465	1	CCDC185
223538007	223665723	1	CAPN8
223701593	223776018	1	CAPN2
223779893	223845954	1	TP53BP2
224114111	224162047	1	FBXO28
224175756	224193441	1	DEGS1
224227334	224330189	1	NVL
224356858	224379459	1	CNIH4
224385146	224437033	1	WDR26
224434660	224740559	1	CNIH3
224896262	225399292	1	DNAH14
225400900	225428925	1	LBR
225486765	225653298	1	ENAH
225777699	225790670	1	SRP9
225810095	225845567	1	EPHX1
225845536	225884071	1	TMEM63A
225886279	225911382	1	LEFTY1
225886696	225924278	1	
225919397	225924340	1	PYCR2
225936598	225941383	1	LEFTY2
225982702	225999350	1	SDE2
226061571	226073206	1	H3-3A
226144679	226186762	1	ACBD3
226223618	226227060	1	MIXL1
226231149	226309869	1	LIN9
226360210	226408154	1	PARP1
226548764	226609230	1	STUM
226631688	226739323	1	ITPKB
226870184	226927726	1	PSEN2
226870184	226987545	1	
226938143	226987569	1	COQ8A
226989865	227318492	1	CDC42BPA
227563543	227677443	1	ZNF678
227728200	227781826	1	SNAP47
227730412	227735411	1	JMJD4
227815675	227846470	1	PRSS38
227918656	227947932	1	WNT9A
228006924	228061271	1	WNT3A
228081841	228099212	1	ARF1
228100725	228105411	1	C1orf35
228105949	228109358	1	MRPL55
228139962	228148984	1	GUK1
228149930	228159826	1	GJC2
228165777	228182257	1	IBA57
228208044	228378876	1	OBSCN
228393672	228406841	1	TRIM11
228406860	228416902	1	TRIM17
228424845	228425360	1	H3-4
228434777	228457873	1	H2AC25
228458103	228463104	1	H2BC26
228487382	228499899	1	RNF187
228735479	228746664	1	RHOU
229271062	229305894	1	RAB4A
229321011	229343294	1	CCSAP
229430365	229434789	1	ACTA1
229440259	229508356	1	NUP133
229516582	229558957	1	ABCB10
229593111	229626122	1	TAF5L
229625855	229660887	1	URB2
230057990	230282128	1	GALNT2
230314490	230426332	1	PGBD5
230642464	230693985	1	COG2
230690776	230745576	1	AGT
230747348	230804397	1	CAPN9
230837119	230869589	1	C1orf198
230902945	230978893	1	TTC13
230978981	231000733	1	ARV1
231018958	231040254	1	FAM89A
231162058	231221565	1	TRIM67
231223763	231241187	1	FSAF1
231241196	231277973	1	GNPAT
231332753	231337852	1	EXOC8
231337104	231355023	1	SPRTN
231363751	231422744	1	EGLN1
231363797	231528603	1	
231528541	231566524	1	TSNAX
231528653	231819244	1	TSNAX-DISC1
231626790	232041272	1	DISC1
232397622	232631404	1	SIPA1L2
232805416	232809929	1	MAP10
232950564	232983882	1	NTPCR
232983435	233295729	1	PCNX2
233327714	233385281	1	MAP3K21
233614106	233672514	1	KCNK1
233904676	234324511	1	SLC35F3
234373456	234385080	1	COA6
234391313	234479197	1	TARBP1
234602300	234610178	1	IRF2BP2
235109341	235128846	1	TOMM20
235131183	235161293	1	RBM34
235131634	235328219	1	ARID4B
235327350	235344532	1	GGPS1
235328570	235448952	1	
235367360	235452443	1	TBCE
235447190	235504474	1	B3GALNT2
235547685	235650754	1	GNG4
235661041	235883724	1	LYST
235975830	236065202	1	NID1
236142148	236221865	1	GPR137B
236214681	236282019	1	ERO1B
236348257	236502915	1	EDARADD
236518000	236552981	1	LGALS8
236549005	236604516	1	HEATR1
236664141	236764631	1	ACTN2
236795260	236921278	1	MTR
237004103	237004441	1	MT1HL1
237042184	237833988	1	RYR2
237877864	237890922	1	ZP4
239386513	239915452	1	CHRM3
240014348	240475187	1	FMN2
240489573	240612155	1	GREM2
240767636	241357374	1	RGS7
241497511	241519799	1	FH
241532134	241595642	1	KMO
241590102	241677376	1	OPN3
241628851	241640369	1	CHML
241652278	241802777	1	WDR64
241847967	241895148	1	EXO1
241957767	241959062	1	BECN2
241995188	242001584	1	MAP1LC3C
242082986	242524697	1	PLD5
243124428	243255793	1	CEP170
243255349	243500095	1	SDCCAG8
243488233	243851079	1	AKT3
244048547	244057476	1	ZBTB18
244352635	244389663	1	SPMIP3
244408494	244451909	1	ADSS2
244454377	244641177	1	CATSPERE
244653091	244709033	1	DESI2
244729701	244731015	1	C1orf202
244835616	244845480	1	COX20
244840638	244864560	1	HNRNPU
244969682	245127164	1	EFCAB2
245154985	245709432	1	KIF26B
245749342	246507312	1	SMYD3
246540561	246566261	1	TFB2M
246566338	246668595	1	CNST
246724064	246768137	1	SCCPDH
246839098	246932063	1	AHCTF1
246945547	247008093	1	ZNF695
246945547	247078811	1	ZNF670-ZNF695
247034637	247078811	1	ZNF670
247099962	247104372	1	ZNF669
247121975	247172046	1	ZNF124
247255972	247257210	1	VN1R5
247297412	247332822	1	ZNF496
247332331	247449668	1	NLRP3
247449118	247458105	1	OR2B11
247507058	247577690	1	GCSAML
247524677	247536440	1	OR2C3
247588360	247589313	1	OR2G2
247605586	247606515	1	OR2G3
247617143	247622372	1	OR14L1
247670812	247679739	1	OR13G1
247711436	247716646	1	OR6F1
247711813	247723764	1	
247722957	247748141	1	OR14A2
247738615	247739559	1	OR14K1
247754846	247760556	1	OR1C1
247770169	247779524	1	OR9H1
247814660	247824119	1	OR14A16
247840928	247841896	1	OR11L1
247857187	247880138	1	TRIM58
247895587	247896531	1	OR2W3
247920252	247923152	1	OR2T8
247924889	247935339	1	OR2AJ1
247948858	247949796	1	OR2L8
247965233	247966386	1	OR2AK2
248013660	248024276	1	OR2L5
248030070	248042305	1	OR2L2
248046836	248063407	1	OR2L3
248095184	248101163	1	OR2L13
248145148	248146086	1	OR2M5
248174821	248181067	1	OR2M2
248197265	248212925	1	OR2M3
248231417	248244679	1	OR2M4
248269917	248277976	1	OR2T33
248290139	248303424	1	OR2T12
248323630	248324568	1	OR2M7
248348775	248349713	1	OR14C36
248361665	248362627	1	OR2T4
248375746	248391811	1	OR2T6
248403048	248408020	1	OR2T1
248436359	248444316	1	OR2T7
248445512	248455725	1	OR2T2
248473351	248474307	1	OR2T3
248488589	248491113	1	OR2T5
248508073	248527337	1	OR2G6
248556912	248562772	1	OR2T29
248573801	248574757	1	OR2T34
248590487	248597700	1	OR2T10
248623557	248635091	1	OR2T11
248636356	248645278	1	OR2T35
248649838	248655528	1	OR2T27
248678138	248702766	1	OR14I1
248681249	248748349	1	
248737957	248755759	1	LYPD8
248810446	248826522	1	SH3BP5L
248838210	248849520	1	ZNF672
248850004	248859144	1	ZNF692
248906196	248919946	1	PGBD2
